20260716090000
20260728030000
20260730090000
20260731190000
20260801143335
20260801173000
20260801180000
20260811090000
20260815120000
20260816120000
20260819090000
20260821120000
20260822120000
20260824120000
20260829120000
20260829173000
20260830203000
20260831090000
20260905120000
20260906020000
20260907090000
20260907120000
20260907150000
20260908110000
20260908120000
20260909110000
20260914130000
20260914131000
20260914132000
20260914185833
20260915014848
20260915140229
20260915201101
20260919120000
20260919231657
20260920104727
